# oST version 5.0 parameters


[image]

width
320

height
240

[narrow_stereo/left]

camera matrix
232.723281 0.000000 142.701819
0.000000 233.303217 113.269809
0.000000 0.000000 1.000000

distortion
-0.068895 0.020350 -0.000364 0.007534 0.000000

rectification
0.999977 -0.002047 -0.006446
0.001998 0.999969 -0.007638
0.006462 0.007625 0.999950

projection
233.792742 0.000000 142.853243 0.000000
0.000000 233.792742 114.700230 0.000000
0.000000 0.000000 1.000000 0.000000

# oST version 5.0 parameters


[image]

width
320

height
240

[narrow_stereo/right]

camera matrix
233.912680 0.000000 156.070332
0.000000 232.842072 116.422484
0.000000 0.000000 1.000000

distortion
-0.060912 -0.009235 0.000682 0.007039 0.000000

rectification
0.998055 -0.003159 0.062264
0.002684 0.999967 0.007719
-0.062287 -0.007537 0.998030

projection
233.792742 0.000000 142.853243 -39.344492
0.000000 233.792742 114.700230 0.000000
0.000000 0.000000 1.000000 0.000000

