# oST version 5.0 parameters


[image]

width
320

height
240

[narrow_stereo/left]

camera matrix
244.417167 0.000000 157.139319
0.000000 244.543688 118.125522
0.000000 0.000000 1.000000

distortion
-0.061809 0.000356 -0.000261 0.002951 0.000000

rectification
0.999131 0.002886 -0.041588
-0.003310 0.999943 -0.010135
0.041556 0.010264 0.999083

projection
245.173539 0.000000 168.158356 0.000000
0.000000 245.173539 120.915154 0.000000
0.000000 0.000000 1.000000 0.000000

# oST version 5.0 parameters


[image]

width
320

height
240

[narrow_stereo/right]

camera matrix
247.362448 0.000000 172.268630
0.000000 246.451867 123.343142
0.000000 0.000000 1.000000

distortion
-0.103686 0.071289 0.002155 0.003122 0.000000

rectification
0.999614 0.005099 0.027297
-0.005377 0.999934 0.010130
-0.027243 -0.010273 0.999576

projection
245.173539 0.000000 168.158356 -41.358786
0.000000 245.173539 120.915154 0.000000
0.000000 0.000000 1.000000 0.000000

