# oST version 5.0 parameters


[image]

width
320

height
240

[narrow_stereo/left]

camera matrix
235.996653 0.000000 156.176271
0.000000 236.077037 125.207763
0.000000 0.000000 1.000000

distortion
-0.053361 -0.002008 0.001211 0.003169 0.000000

rectification
0.996769 0.003172 0.080256
-0.001910 0.999873 -0.015799
-0.080296 0.015594 0.996649

projection
239.544229 0.000000 127.818521 0.000000
0.000000 239.544229 128.821544 0.000000
0.000000 0.000000 1.000000 0.000000

# oST version 5.0 parameters


[image]

width
320

height
240

[narrow_stereo/right]

camera matrix
226.279027 0.000000 168.917745
0.000000 225.618568 132.663394
0.000000 0.000000 1.000000

distortion
-0.093480 0.051015 -0.000626 0.001779 0.000000

rectification
0.990043 0.000713 0.140767
-0.002930 0.999875 0.015541
-0.140738 -0.015799 0.989921

projection
239.544229 0.000000 127.818521 -40.869724
0.000000 239.544229 128.821544 0.000000
0.000000 0.000000 1.000000 0.000000

