# oST version 5.0 parameters


[image]

width
320

height
240

[narrow_stereo/left]

camera matrix
248.916624 0.000000 163.598722
0.000000 248.262358 123.059449
0.000000 0.000000 1.000000

distortion
-0.016835 -0.020180 0.003467 0.000732 0.000000

rectification
0.999866 -0.004490 0.015770
0.004599 0.999966 -0.006911
-0.015739 0.006983 0.999852

projection
250.527628 0.000000 156.125391 0.000000
0.000000 250.527628 125.590852 0.000000
0.000000 0.000000 1.000000 0.000000

# oST version 5.0 parameters


[image]

width
320

height
240

[narrow_stereo/right]

camera matrix
247.280085 0.000000 171.106050
0.000000 246.438772 125.990144
0.000000 0.000000 1.000000

distortion
-0.063496 0.035830 0.004055 0.005808 0.000000

rectification
0.998341 -0.001973 0.057548
0.001573 0.999974 0.006995
-0.057560 -0.006893 0.998318

projection
250.527628 0.000000 156.125391 -42.154636
0.000000 250.527628 125.590852 0.000000
0.000000 0.000000 1.000000 0.000000

