image_width: 320
image_height: 240
camera_name: narrow_stereo/left
camera_matrix:
  rows: 3
  cols: 3
  data: [248.916624, 0.000000, 163.598722, 0.000000, 248.262358, 123.059449, 0.000000, 0.000000, 1.000000]
distortion_model: plumb_bob
distortion_coefficients:
  rows: 1
  cols: 5
  data: [-0.016835, -0.020180, 0.003467, 0.000732, 0.000000]
rectification_matrix:
  rows: 3
  cols: 3
  data: [0.999866, -0.004490, 0.015770, 0.004599, 0.999966, -0.006911, -0.015739, 0.006983, 0.999852]
projection_matrix:
  rows: 3
  cols: 4
  data: [250.527628, 0.000000, 156.125391, 0.000000, 0.000000, 250.527628, 125.590852, 0.000000, 0.000000, 0.000000, 1.000000, 0.000000]
