# oST version 5.0 parameters


[image]

width
320

height
240

[narrow_stereo/left]

camera matrix
233.644032 0.000000 149.509484
0.000000 233.805131 116.977691
0.000000 0.000000 1.000000

distortion
-0.056806 0.005690 -0.006949 -0.001607 0.000000

rectification
0.999332 0.002564 -0.036446
-0.002861 0.999963 -0.008116
0.036424 0.008215 0.999303

projection
233.464180 0.000000 156.698332 0.000000
0.000000 233.464180 116.857249 0.000000
0.000000 0.000000 1.000000 0.000000

# oST version 5.0 parameters


[image]

width
320

height
240

[narrow_stereo/right]

camera matrix
234.481540 0.000000 157.473077
0.000000 234.767819 120.752108
0.000000 0.000000 1.000000

distortion
-0.068432 -0.001143 -0.004487 -0.001893 0.000000

rectification
0.999949 -0.001344 0.009982
0.001263 0.999966 0.008173
-0.009993 -0.008160 0.999917

projection
233.464180 0.000000 156.698332 -39.024883
0.000000 233.464180 116.857249 0.000000
0.000000 0.000000 1.000000 0.000000

